7  377115 66832087 37481045 44979352 45316242
7  62583231 31014009 56827915 30871780 31281326
6  25479108 37130772 18991200 45459632 27291302
6  21429782 21451895 34287847 21883744 40999945
6  43810935 34925733 30255016 19199530 37838557
6  21903966 37481045 30255016 32604173 30871780
7  398566 19926474 22479740 20344570 30255016
6  21883744 49300317 24491732 69719185 35221469
7  30871780 22431892 49300317 71899154 20112175
6  20739331 40984753 22431892 37370762 49300317
6  30255016 71899154 21903966 19199530 30871780
7  44979352 21169018 55679403 33079321 34925733
