6  32490785 50525968 25329778 20284768 20971952
6  32604173 37481045 30871780 19637662 71899154
4  21903966 37481045 30255016 32604173 30871780
6  20072604 27470522 19926474 20188483 27401229
7  20072604 26676087 24671130 25010413 19926474
7  21883744 49300317 24491732 69719185 35221469
8  30871780 22431892 49300317 71899154 20112175
7  20739331 40984753 22431892 37370762 49300317
6  27794083 22479740 20082683 21903966 23167277
6  22479740 23167277 27794083 21883744 35590582
7  20112175 19019472 21786647 19616469 49949377
7  30255016 71899154 21903966 19199530 30871780
