6  28749880 20823651 21490433 21883744 65409092
7  47836799 20823651 21608827 65409092 32392626
4  20576181 27794083 19360235 20082683 55679403
5  22076548 49300317 22431892 20142680 22724185
6  51405 71899154 26676087 44979352 19019472
6  446965 30255016 34287847 37481045 71899154
6  51405 32490785 21390649 44979352 20112175
7  34983603 28700797 20072604 19926474 35590582
7  20072604 27470522 19926474 20188483 27401229
6  26676087 20082683 22479740 41926290 19873955
7  34925733 20072604 20086077 26676087 31087193
8  27794083 22742073 31087193 26676087 39561695
7  44979352 21169018 55679403 33079321 34925733
