8  18991200 21490433 19770082 39040566 21032154
7  19884671 56827915 21490433 28039649 19637662
7  34925733 19199530 60939398 51405 44979352
5  44979352 51405 60004918 37876161 19770082
8  30871780 21399577 28039649 26851284 35221469
4  37827053 581716 35590582 27794083 30871780
7  20942144 35590582 69719185 20284768 35221469
6  568629 51405 24682680 31014009 44979352
6  51589239 26530897 19967304 35221469 30871780
4  28749880 30871780 19019472 32604173 21366420
6  34983603 19637662 44989089 34925733 34287847
5  21276764 23487274 30266347 32604173 1496
4  21490433 26314816 25244896 21903966 22991783
